,Variance,Lag-1 AC,Smax
1,0.9232191700094696,0.9256576888531239,0.923809523809524
2,0.8710511235475572,0.816436429845845,0.6571428571428573
3,0.8436828137256098,0.8957695762260669,0.4952380952380953
4,0.9725829198011795,0.9707377738761477,0.7555555555555558
5,0.8666048908559607,0.9284782423156176,0.796825396825397
6,0.7602041853111754,0.9063933899882545,0.7047619047619049
7,0.8416832282738133,0.9293804942877697,0.7714285714285715
8,0.9426460367972493,0.9493682204095899,0.8793650793650795
9,0.9482546301376543,0.9587971599383868,0.6444444444444445
10,0.9152208282022833,0.9425241108550666,0.9047619047619048
11,0.9321278921849535,0.945482847052034,0.9682539682539684
12,0.9195370065555515,0.9396222734311179,0.9396825396825398
13,0.9226176686947015,0.9555214162917445,0.9047619047619048
14,0.9325505687845204,0.88634063669727,0.926984126984127
15,0.6477478246379815,0.6751405196483655,0.6222222222222223
16,0.8531686520274252,0.9061983084807621,0.8507936507936509
17,0.919780858439917,0.9238287997203832,0.9015873015873017
18,0.7995049806747381,0.9048652515128978,0.8698412698412699
19,0.9403944710649419,0.9470516275081182,0.8857142857142858
20,0.896671828198219,0.887665565268989,0.8539682539682542
